1000
1 6 1679026275
1 10 538818217
1 3 1650250681
2 10
1 5 1904148347
3 6 1
3 9 7
1 4 1239104927
2 5
3 8 7
3 7 2
1 1 248942161
1 1 1129443591
3 1 3
3 6 1
3 9 8
1 2 1291165249
1 3 1574708151
1 9 1192079675
1 3 1430505038
1 5 1922456506
2 6
3 10 2
3 6 10
1 7 1557407251
3 3 10
3 7 6
3 5 10
1 2 1401048398
3 2 1
3 9 8
1 10 890282595
3 3 9
2 7
1 3 1001440313
2 5
3 6 1
3 7 10
1 9 477307652
3 5 8
3 3 8
1 3 1178205901
3 2 6
2 4
1 6 274477962
1 9 1434629475
2 9
1 6 1604717077
1 7 1619336385
3 2 1
3 6 3
3 9 6
3 4 10
1 6 167004375
2 2
3 5 10
1 2 921292561
1 3 313312764
3 9 1
3 8 4
3 3 10
1 5 1465207600
1 10 936768205
3 5 4
1 7 351725443
1 3 625849264
3 9 10
1 3 1987041817
3 7 3
2 9
2 9
1 5 543040325
1 3 1056832277
3 2 3
1 9 1452004270
3 9 8
2 2
3 9 2
3 5 8
1 6 997187825
1 8 347944970
1 2 1972670945
3 3 5
1 7 1228440714
2 7
1 8 877671266
2 8
3 9 4
3 7 2
1 8 106302857
2 9
1 7 337397632
2 8
3 9 8
1 6 1443861806
1 7 1896953655
1 10 1730945653
3 2 6
3 2 5
3 4 2
1 10 1003126199
1 3 1188158334
3 8 1
2 3
3 8 6
1 6 1636994251
1 7 459298252
2 6
3 9 2
1 9 1242263465
1 8 1026601775
3 2 3
3 9 2
3 6 9
3 5 9
1 4 1607109638
1 6 1923009361
3 2 10
1 5 771911284
3 4 10
1 6 1892084817
1 8 829047946
3 2 4
1 2 1937231622
1 3 478032165
1 3 1739503861
1 4 1691464470
2 4
3 4 9
3 2 5
3 1 4
3 5 4
2 3
3 9 5
2 6
1 1 635242413
1 2 1937933665
2 1
2 6
1 5 136514739
1 2 1096280478
2 8
3 10 6
1 8 372673433
3 3 2
3 5 1
1 7 573352153
3 8 9
1 2 1484020302
3 1 6
3 1 10
1 10 35347942
2 7
1 8 1798843363
3 7 9
2 7
1 1 1778633314
2 1
2 2
1 9 1482782072
3 9 7
2 10
1 4 988315884
1 10 1537371530
1 9 31624945
1 9 1098932938
3 5 8
1 8 327656493
2 4
1 5 22364057
2 8
3 6 10
2 1
1 2 229588752
2 5
1 4 1657959273
1 1 895529404
2 6
1 7 358655780
3 1 7
2 3
1 1 1263190316
2 3
2 1
3 7 4
1 8 1792234309
1 9 1544539185
3 8 5
3 3 9
3 6 8
3 3 1
3 1 7
3 2 6
1 10 457237722
2 1
1 4 1689186502
3 5 2
3 8 2
2 5
3 10 7
3 7 10
2 3
1 1 528130977
3 10 6
1 9 1823983241
2 1
3 8 6
3 1 7
3 2 6
1 4 882903331
2 1
3 3 7
1 6 478644003
2 5
3 7 9
1 5 550139189
3 6 7
1 6 434227955
1 6 1287353549
2 4
3 5 2
3 1 10
1 4 469267836
1 2 369692175
3 7 3
1 7 104842665
3 10 6
3 1 4
2 10
1 8 508837067
2 8
1 8 24198046
3 7 8
1 9 698836865
3 9 3
3 8 5
2 1
1 6 1299354966
2 7
1 7 400227177
1 3 1683410098
2 1
1 2 495862081
1 1 502317869
2 3
1 1 1938458658
1 3 1278712793
1 2 1514579737
2 6
2 2
3 7 8
2 10
3 8 6
3 10 3
3 10 5
1 9 881549351
1 1 319508541
3 6 8
2 1
1 10 1358833196
1 2 1349676415
3 6 5
3 1 2
1 1 346039161
3 4 3
2 7
1 6 1116369440
2 10
2 1
3 4 7
1 7 1606603173
1 6 1511253712
1 7 1567244892
2 4
2 4
1 8 860867135
1 5 1062922712
1 3 53222875
3 1 2
1 2 1337884132
2 4
3 6 9
3 7 3
1 2 1310267410
2 10
2 8
3 10 5
3 2 10
1 5 110587535
2 1
3 8 10
1 6 1578673122
3 7 8
3 4 2
1 10 955114762
3 6 3
2 4
2 5
1 3 328234594
2 1
3 10 4
2 10
3 5 7
1 1 1804374008
1 2 1598454951
1 2 43392852
1 4 1443166378
3 10 5
1 2 175871295
3 7 5
3 5 1
1 8 1898203504
2 5
1 5 1058622868
3 1 9
3 3 4
2 6
3 5 2
2 10
3 1 8
2 10
1 3 616186238
2 10
3 10 9
2 10
1 1 1668944965
3 1 2
1 9 1744607550
3 3 7
3 9 10
1 1 457405299
1 3 172262186
3 8 2
1 3 919403008
1 5 1809315174
1 3 1628303549
1 1 1136161433
3 2 10
3 4 7
2 9
3 10 5
3 5 6
1 5 925258523
1 3 302195796
3 1 7
3 3 8
1 5 1142298236
1 4 515793142
1 4 5376970
2 1
1 2 418909072
3 3 4
1 10 506194010
2 9
3 5 2
3 9 7
3 3 5
1 1 1622736593
1 6 530550219
1 6 1983728916
1 5 1025185771
1 2 1206507580
1 3 1014160209
2 10
3 2 9
2 1
3 5 9
1 9 665352856
3 2 8
2 9
2 5
1 3 1571600176
3 6 5
2 2
3 3 4
3 6 1
3 9 4
1 2 676987339
2 6
3 4 8
3 3 4
3 3 10
3 8 2
3 4 7
1 10 1298610010
3 3 8
1 4 786134614
3 9 2
2 3
3 9 2
1 2 954312145
1 8 1187480265
1 10 1769578687
1 10 1494013345
1 3 511732221
1 10 1034851475
1 6 914265
3 4 10
1 9 1955022605
3 1 6
1 6 134824958
1 9 1256550974
3 7 10
1 3 146008957
3 7 9
3 7 2
3 4 7
1 9 687142887
3 7 3
1 4 1390740726
1 10 246079605
1 4 116517053
1 1 276780759
1 5 188704875
1 10 1352385971
3 5 10
1 4 65806579
3 6 8
1 9 1787053745
3 5 1
3 1 4
2 7
1 9 1216097133
3 7 10
1 10 589280117
3 1 3
2 10
1 4 404531611
1 7 50114042
1 7 1304619399
3 10 6
3 9 6
1 7 185939804
3 5 3
3 8 9
3 7 3
3 3 5
3 2 3
3 1 5
1 7 1834610043
1 7 856554100
1 2 995534833
3 1 4
1 1 1596768732
3 8 4
2 2
1 3 599536691
3 8 1
3 1 2
1 4 91852075
1 8 1031356248
3 8 7
1 7 204937252
1 6 267317267
2 8
2 4
3 7 1
3 1 5
2 8
3 6 2
3 4 7
3 9 3
3 1 4
3 2 7
1 1 1269348083
3 6 7
3 3 5
2 1
3 4 10
1 10 1970091216
3 6 5
3 5 1
1 4 1886300636
1 2 1239272900
3 7 10
2 7
3 8 9
3 7 6
2 7
2 2
3 9 8
1 1 1488503064
1 5 37837558
2 1
3 1 8
1 6 1339358025
1 10 1654064253
1 5 1234711350
1 9 408493826
1 5 1642861847
1 1 681185442
1 5 284716476
2 6
3 7 10
1 9 1099153930
1 7 376222642
1 9 818367281
1 4 1695403154
1 8 395675705
3 6 2
1 6 1062084216
2 7
1 9 652604113
1 9 1771189094
2 6
2 9
2 9
1 7 1202341840
1 5 117320502
1 4 1008025306
3 10 9
3 4 7
1 8 80418064
3 7 6
3 10 2
3 8 1
3 6 8
3 2 9
1 1 685477678
1 3 748474766
2 6
1 8 1086339393
1 9 1753478692
1 1 1688761284
3 2 8
2 3
2 2
2 9
3 6 5
3 1 5
3 2 6
2 4
2 10
3 2 4
3 4 5
3 10 9
1 9 1955436499
3 8 4
1 7 1989593284
1 5 321047879
1 6 224698975
2 2
2 6
1 6 1700736565
3 2 8
1 3 1395414533
2 9
1 2 695719157
3 8 3
2 6
1 1 1076048452
1 6 1345287722
2 10
3 7 9
1 4 388309050
1 8 1271530627
2 10
3 4 9
1 1 1098588948
3 5 10
2 4
3 7 9
3 2 3
1 2 977935095
1 1 641905946
2 7
1 7 132354383
3 2 7
3 2 9
1 3 1095321745
1 1 1704149277
1 7 628101682
1 5 1190688680
3 4 5
1 7 1636011303
1 10 1017126535
1 6 1974054994
3 6 5
3 8 5
1 5 58650823
2 3
3 6 1
1 1 61962646
3 6 4
1 4 1743899727
3 9 4
2 1
3 9 5
1 9 311870357
1 4 134012016
3 5 10
3 6 10
2 4
1 8 1468125159
1 8 1169164631
3 5 10
3 1 4
3 3 5
2 3
3 10 9
3 9 4
3 1 3
1 9 1962719161
3 8 2
1 4 1531387384
2 8
1 5 1724494882
3 3 2
2 7
1 5 1223649074
3 1 4
3 1 5
2 6
1 6 818287585
3 1 3
2 8
3 9 8
3 3 7
1 3 1860669195
1 4 734339398
3 6 9
1 6 869554518
3 5 3
1 4 1339873209
1 4 1813349210
2 5
2 5
2 6
3 7 9
1 9 1560704645
2 1
1 9 204516526
1 6 597095398
3 5 10
1 8 1557540793
2 1
3 2 1
3 4 9
3 10 3
1 1 1642715645
1 8 465109104
3 1 10
3 3 7
2 4
1 4 894078103
1 4 1804840660
1 3 355627029
2 6
1 2 691907689
2 1
1 9 1171528743
1 3 152176273
2 8
2 9
2 8
1 2 480319260
1 8 908436413
1 4 631726538
3 4 2
1 2 78250115
3 5 10
3 4 5
2 6
2 4
3 9 1
3 7 8
1 6 1341828213
3 1 3
2 7
3 2 1
3 1 6
3 4 5
3 1 8
2 2
1 1 1146012361
3 1 6
3 10 6
3 7 10
3 3 9
2 2
1 3 1935324343
3 5 4
2 2
3 5 1
1 7 393089718
3 7 6
3 9 3
3 9 10
3 7 9
3 10 6
3 7 10
3 5 2
3 5 4
3 7 9
1 4 1888662648
1 2 892000173
1 3 1875388235
2 4
1 1 1221920856
2 1
3 2 7
3 9 4
3 5 1
1 5 1984305839
2 3
1 5 1197509619
1 8 540632885
3 10 7
2 2
1 6 1838648274
3 1 9
1 10 968089805
1 9 1094149022
3 2 3
1 9 60896142
2 6
3 7 10
3 3 1
1 8 400488729
3 4 2
1 8 1371302879
3 8 1
3 1 3
3 10 9
1 10 634256058
3 8 6
1 4 1293432117
1 9 555756389
1 8 274660027
1 8 163849297
1 4 1302921306
1 1 733200242
1 1 1815679503
2 10
3 9 6
2 8
2 5
2 10
3 4 3
3 8 10
2 8
1 7 1653289089
1 10 1140277924
3 3 9
1 8 771967960
3 3 10
1 10 977372191
3 6 1
1 4 408561416
1 8 276476333
3 1 9
1 6 282637496
2 6
3 4 2
1 8 1861344885
1 5 1728007998
1 1 1803864046
3 1 3
2 1
3 10 7
3 5 2
1 1 715971055
3 1 8
1 3 1838726198
1 2 51204132
3 1 4
3 2 1
2 6
2 6
1 1 51748362
1 2 1068760812
1 6 979876722
1 5 585548297
2 1
3 6 8
3 3 2
3 9 3
1 7 1794291337
3 1 6
3 7 9
3 7 2
2 5
3 2 10
3 6 3
2 5
2 5
2 7
2 1
1 7 962536207
3 8 10
3 2 7
2 5
3 10 3
2 5
3 5 2
1 4 902222350
3 5 3
1 7 1851080934
1 8 643726172
2 5
1 7 1460496491
3 7 3
3 7 2
2 8
3 6 3
1 6 762602624
3 2 9
1 1 222612044
1 3 1733016788
3 6 4
2 1
1 3 1701941444
3 3 6
2 3
2 5
1 1 990831730
3 1 10
3 2 9
3 4 2
1 1 98422333
3 4 9
1 4 1203451616
3 2 9
2 5
3 5 4
1 2 417500912
3 5 2
1 2 206179180
3 8 1
3 6 7
1 1 1313478990
3 2 1
3 4 2
3 1 4
3 2 4
3 4 1
3 7 1
3 10 2
3 1 10
1 3 1753670039
1 4 1284145414
2 6
3 9 3
3 1 7
1 4 1279819866
2 5
1 2 1556592371
1 9 1656549595
1 1 467361430
2 4
1 1 1140286722
2 6
3 1 5
1 4 439383550
2 9
2 4
3 8 2
2 4
1 6 1960631655
2 9
1 3 71947829
1 4 576349128
3 8 4
1 9 701676495
3 6 10
1 4 1352282353
3 3 1
3 7 8
3 8 3
2 4
1 4 640437681
2 6
1 7 1232211801
1 3 687302930
3 10 9
3 3 8
1 8 1750485550
3 7 2
1 5 553609376
3 4 5
2 8
1 1 1735440395
2 7
1 3 843823254
3 7 1
3 3 5
1 8 701701962
3 9 10
3 8 6
3 4 10
2 8
2 3
3 1 3
3 3 10
3 4 10
3 1 3
2 9
3 3 1
3 8 2
1 1 1605162012
3 7 9
3 3 10
3 9 7
3 7 10
1 3 792714338
3 1 6
2 4
3 9 7
2 4
3 5 1
1 7 323027411
1 1 1550671618
1 3 629618170
1 2 409204838
1 1 1309366912
3 8 3
2 5
1 8 1980581359
3 3 8
3 7 9
1 7 53306670
1 2 678818794
3 1 7
2 2
1 7 155839546
1 10 261269353
1 4 1459546650
3 4 10
2 3
3 3 6
1 7 464691931
2 2
3 1 8
1 7 1821435763
3 9 3
1 10 1791696283
2 4
1 7 1055924327
1 2 154648769
2 1
2 4
3 6 9
3 8 2
3 4 2
2 7
1 5 808609018
1 4 711471520
3 8 7
1 8 574429432
1 8 1718578016
2 6
2 8
2 6
1 10 210264800
2 10
1 4 13941203
2 1
2 8
3 10 5
2 8
3 7 9
1 5 975225885
1 5 577807780
1 10 1136667814
3 5 9
1 7 257770012
1 8 1557103677
1 1 657691071
3 5 10
1 9 1550713763
1 8 135949783
1 2 787191129
3 10 1
1 9 664624696
3 9 5
3 10 7
1 2 1616464818
1 9 810527046
3 1 7
2 10
2 8
3 8 4
1 10 798855352
1 3 1094643816
1 9 715975595
1 2 1931362917
3 10 1
3 8 5
1 3 30362029
2 2
1 7 1815322481
1 10 1931655969
1 9 1249426252
1 2 981395946
1 9 1575898130
3 1 8
2 9
3 10 2
1 10 324026710
2 1
